1.168638313651789709e-03
3.771700592451973557e-03
6.545574828837447644e-03
9.582609909042546711e-03
1.318834221874941835e-02
1.704215530961721708e-02
2.108237548159818883e-02
2.505250453643359174e-02
2.895218393961079134e-02
3.271069011218682987e-02
3.649013526613045788e-02
4.043612998384629037e-02
4.444494225324360781e-02
4.829772135802078148e-02
5.230754041162075096e-02
5.608623228017651369e-02
6.026225777856469151e-02
6.393834227209024834e-02
6.783759860728617863e-02
7.174320174684654938e-02
7.559256780740641890e-02
7.968923919897102914e-02
8.355029206745762105e-02
8.748042300261071880e-02
9.146322621828795185e-02
9.523550004598989316e-02
9.907867471792618230e-02
1.032084755139040799e-01
1.070748369884503559e-01
1.108608090933430046e-01
1.147452461300876581e-01
1.188111816205805193e-01
1.228294490688034979e-01
1.265049573708210418e-01
1.303856335909188979e-01
1.344387955689899661e-01
1.384323208786325532e-01
1.421982719094863623e-01
1.462491227205580946e-01
1.501063438365376479e-01
1.538914142923466788e-01
1.580802032477086894e-01
1.619888454740379125e-01
1.658741248089993514e-01
1.696714356013515612e-01
1.736724517765142473e-01
1.775026664723073910e-01
1.814282192309848440e-01
1.854920063235865890e-01
1.893065113442267688e-01
1.932541977532687416e-01
1.968724662893457378e-01
2.011057064965562913e-01
2.050728184925604547e-01
2.090647024557354683e-01
2.128777252837227574e-01
2.168252355702496026e-01
2.207098406567341853e-01
2.245078180797571155e-01
2.284951211743369570e-01
2.323730779323035234e-01
2.364087279244335149e-01
2.403232230648335299e-01
2.442588207465491434e-01
2.484595969635884916e-01
2.519282470335577617e-01
2.559336088807608878e-01
2.597484402432079231e-01
2.638514324299394698e-01
2.676457076425568515e-01
2.716485675287653168e-01
2.755442813994106177e-01
2.796480822304379110e-01
2.833082622867562073e-01
2.872640700664262914e-01
2.911594567258085631e-01
2.952015151712096275e-01
2.992242799298595601e-01
3.029037867659435390e-01
3.067158709652659243e-01
3.108419983486253590e-01
3.148016501370502485e-01
3.188986274570381196e-01
3.226032166260922596e-01
3.267727677769659000e-01
3.302409759244155363e-01
3.345598930314455655e-01
3.381351231719590400e-01
3.422278024073192593e-01
3.460920115740385716e-01
3.501283869931693937e-01
3.540236649353933340e-01
3.578384887149965166e-01
3.617810262484496553e-01
3.657766662866086538e-01
3.697461264097268163e-01
3.738903628389745326e-01
3.776340757751027177e-01
3.816132591339177482e-01
3.855060139363183369e-01
3.893693328869261561e-01
3.930610622438813762e-01
3.969818909675956742e-01
4.011371322047968535e-01
4.051926728399759536e-01
4.090306424517130557e-01
4.130204326781677926e-01
4.168463116975811844e-01
4.208812480785206755e-01
4.247098706890578002e-01
4.286716010993723014e-01
4.325440548945995167e-01
4.365562481304763875e-01
4.404576997079494571e-01
4.443326410296815632e-01
4.482417349230997661e-01
4.521795810487545531e-01
4.561329107703998020e-01
4.600602998457737347e-01
4.638791314855102987e-01
4.677211858166044900e-01
4.715930800885430596e-01
4.757207558113707435e-01
4.797185469550838133e-01
4.835725784012684381e-01
4.874171201657364616e-01
4.915017615032926113e-01
4.950716302036844430e-01
5.000682626264870700e-01
5.033978530095599702e-01
5.069677217099517463e-01
5.110523630475080070e-01
5.149354305820219579e-01
5.187376064794348984e-01
5.227213900590634843e-01
5.268490657818910572e-01
5.308160100087011557e-01
5.345773624106356925e-01
5.383961940503719790e-01
5.423235831257459116e-01
5.463287683961630670e-01
5.502407261699153729e-01
5.541498200633339088e-01
5.580385354897492434e-01
5.621983933065576311e-01
5.659654246345247053e-01
5.698378784297523092e-01
5.737996088400664219e-01
5.776800869993758969e-01
5.816631678315433707e-01
5.854890468509567070e-01
5.894788370774117769e-01
5.933975086183085335e-01
5.973723473243278681e-01
6.015275885615285478e-01
6.054484172852431234e-01
6.091920021909702498e-01
6.129905118893425042e-01
6.168832666917433150e-01
6.208624500505581789e-01
6.249768162383024794e-01
6.287503994159338028e-01
6.327059929907132840e-01
6.367016330288731707e-01
6.406824778114085239e-01
6.444577078564985850e-01
6.483529857987226919e-01
6.523893612178528478e-01
6.563200722058111225e-01
6.603320495120110767e-01
6.639072796525256059e-01
6.682261967595551910e-01
6.717462604557763450e-01
6.758639560578785233e-01
6.795685452269329963e-01
6.836655225469209229e-01
6.878703362432544433e-01
6.917513017187039148e-01
6.955633859180273548e-01
6.992684270705006311e-01
7.033571025867833004e-01
7.073473054834128471e-01
7.112426921427945636e-01
7.151984999224648698e-01
7.189393819079433756e-01
7.229624808098107369e-01
7.268581946804559824e-01
7.308740082701281615e-01
7.346946634147056843e-01
7.387600984312283625e-01
7.425749297936750093e-01
7.465802916408792456e-01
7.508310596394845993e-01
7.542480021046421568e-01
7.581835997863574095e-01
7.621250231306497813e-01
7.662125286715506522e-01
7.700522227472094139e-01
7.740525202801702420e-01
7.778636997204602110e-01
7.818418397528921204e-01
7.857233014131113080e-01
7.895496111588004018e-01
7.935414951219750268e-01
7.975604626667514019e-01
8.017418473251902711e-01
8.053627278238424392e-01
8.093104142328845230e-01
8.133700811614339443e-01
8.171887063461260592e-01
8.211142591048031791e-01
8.249582479052801620e-01
8.290111196292148099e-01
8.327713857380460993e-01
8.366566650730071775e-01
8.405653072993365393e-01
8.448218444803944349e-01
8.485262130070441167e-01
8.523834341230229761e-01
8.564199369083822511e-01
8.602514263734561961e-01
8.642071993131835717e-01
8.682603612912543900e-01
8.721543672900774480e-01
8.762005288437114681e-01
8.798481430403185533e-01
8.839410460369451217e-01
8.878393963107439335e-01
8.917054806023030356e-01
8.955480628973279122e-01
8.996778636933062678e-01
9.035479595820986587e-01
9.074009353389600463e-01
9.113030366254775139e-01
9.152593227516725438e-01
9.191334110504590926e-01
9.233109650525728185e-01
9.271227739429248604e-01
9.310283770824850924e-01
9.349423913869833180e-01
9.388771860881068854e-01
9.428080496785855580e-01
9.466157950226929962e-01
9.506534074758951069e-01
9.545848347605595530e-01
9.585421205553583679e-01
9.625016635727630110e-01
9.663488306054660582e-01
9.702296405290266046e-01
9.741044323735067456e-01
9.781544791960457008e-01
9.822366750593524154e-01
9.862688956375873506e-01
9.900153156991602366e-01
9.933570240628940562e-01
9.966866144459648469e-01
