6.487603305785123453e-01
4.338842975206611552e-01
3.443526170798896779e-01
2.807851239669421628e-01
2.301652892561986408e-01
1.927390791027153716e-01
1.627230093139184208e-01
1.429637281910008106e-01
1.274438600884883754e-01
1.156196420659230673e-01
1.063533573864151177e-01
9.710365392183561983e-02
8.947107927722897092e-02
8.351742212036322721e-02
7.808168939607151859e-02
7.355850379879363965e-02
6.873385862972124227e-02
6.528676191289427277e-02
6.193775954111258725e-02
5.879993135382996505e-02
5.611599005059292322e-02
5.369329836993720628e-02
5.147702523878067149e-02
4.961630116044105088e-02
4.752098622411368711e-02
4.573770615951457813e-02
4.424760168419027834e-02
4.256868944798005566e-02
4.134308506612371231e-02
4.023777899963545263e-02
3.902242251855494309e-02
3.792339614035215856e-02
3.675335095629695542e-02
3.571813323609895202e-02
3.480010118931953916e-02
3.379388872515681763e-02
3.290725861019334203e-02
3.216143337954107534e-02
3.130828518656794679e-02
3.054177242178861273e-02
2.980074752318979253e-02
2.903416214784906163e-02
2.835573000724297965e-02
2.771200505855636598e-02
2.719390710271026024e-02
2.658888413715143270e-02
2.609471546243201726e-02
2.554317305893029702e-02
2.499085618630720110e-02
2.450424862183499600e-02
2.402376058778989826e-02
2.366403619318305576e-02
2.318355824510984903e-02
2.273281457874772732e-02
2.231720345611580211e-02
2.198460876444575246e-02
2.165480826564592995e-02
2.133849099915745631e-02
2.104586647021113380e-02
2.074245715801999526e-02
2.045561832793955231e-02
2.010972788702750785e-02
1.989300172387282323e-02
1.958705617370037552e-02
1.936283721882704062e-02
1.910325125079679470e-02
1.880194454461209252e-02
1.852797532026316182e-02
1.830269363856696502e-02
1.805354427904906633e-02
1.783780352386576951e-02
1.758365148488861759e-02
1.733040478934130824e-02
1.711165817922829374e-02
1.688152166926394637e-02
1.666343706073482311e-02
1.643201045202269395e-02
1.626241720158753956e-02
1.615095781738525721e-02
1.595163412323092125e-02
1.574288959854705516e-02
1.554644297624665009e-02
1.535327214893308923e-02
1.517947190249094649e-02
1.498661844027026138e-02
1.483278115931851819e-02
1.464324027113210296e-02
1.449066572828823680e-02
1.432204624430355629e-02
1.416220713580856709e-02
1.400367178636487651e-02
1.384844142267656342e-02
1.373695893007311625e-02
1.358963292622572538e-02
1.344381349111815199e-02
1.330284589989680702e-02
1.315595374218907557e-02
1.302971390561283478e-02
1.289272754354920877e-02
1.276228159133822523e-02
1.263923027372195786e-02
1.252178171196703660e-02
1.239866835028174442e-02
1.227311155692576913e-02
1.215399535638290139e-02
1.204090750128127170e-02
1.192213539439332913e-02
1.181465200426612405e-02
1.170411970796519062e-02
1.160062939148478328e-02
1.149511352854555059e-02
1.139126528677183309e-02
1.128899810025327591e-02
1.122078539563252896e-02
1.115235892341262525e-02
1.105572459348978798e-02
1.104545006184384087e-02
1.095177926882672306e-02
1.085976384565178615e-02
1.077120120512539518e-02
1.068361000390888500e-02
1.062326530581538669e-02
1.053486153936258191e-02
1.044937459614412277e-02
1.036529033969014156e-02
1.028478962089491439e-02
1.019955647263878599e-02
1.012699444876294548e-02
1.002640701322883576e-02
9.960748334134753024e-03
9.891541867611508901e-03
9.812679668290948121e-03
9.765255308516020485e-03
9.692756107273242661e-03
9.647053786708832679e-03
9.574401003144383804e-03
9.501434078481691206e-03
9.435047524706311611e-03
9.368578860742582046e-03
9.301626535610561450e-03
9.234916045491122286e-03
9.193477638683942785e-03
9.128983103701559729e-03
9.064792683946991392e-03
8.999298731204969162e-03
8.940352180719516109e-03
8.878740732463098403e-03
8.818504551911325248e-03
8.760467720230544555e-03
8.701347393078602555e-03
8.645248320530036015e-03
8.585466922000606002e-03
8.529422090128916528e-03
8.473594331211101172e-03
8.416299068950913037e-03
8.362033948055975358e-03
8.311056407988508254e-03
8.281175181847170996e-03
8.228485022882729358e-03
8.175346976800494658e-03
8.123306916219650772e-03
8.073866608930850911e-03
8.045795507809467770e-03
7.996072739275784588e-03
7.967995932503404641e-03
7.921699169853333583e-03
7.873472498245898815e-03
7.825564300738118567e-03
7.800077614442902686e-03
7.753491432212413804e-03
7.712194776586923581e-03
7.662292769792814796e-03
7.622720016438476812e-03
7.576070200895595151e-03
7.535228510073032140e-03
7.491257588646125197e-03
7.445495242947084216e-03
7.403850408705874714e-03
7.363353391223658936e-03
7.324835319221996086e-03
7.282847552572204418e-03
7.240886037726068994e-03
7.202248789636406245e-03
7.163011285087832192e-03
7.126275782472889925e-03
7.086803981526769609e-03
7.048127787897307678e-03
7.009765203083824329e-03
7.008364197242701772e-03
6.970488298012239396e-03
6.934771039197370340e-03
6.896949150427432104e-03
6.876743636341837128e-03
6.863869837629892404e-03
6.828999081022774954e-03
6.793709458968975878e-03
6.757336762334947844e-03
6.723529083307523864e-03
6.689314357816266224e-03
6.657125010363325497e-03
6.623651322447343497e-03
6.590716748206777720e-03
6.558968498028893389e-03
6.526612783870586708e-03
6.493306341967129865e-03
6.460237761626097010e-03
6.447627483637890199e-03
6.416580560558222089e-03
6.384952196238617532e-03
6.354913205947976783e-03
6.324995600552494809e-03
6.295034698107479509e-03
6.264568645369911030e-03
6.236647776917774583e-03
6.207958300320105122e-03
6.179379791868400314e-03
6.163561016144224539e-03
6.136306414018382303e-03
6.109114551441326320e-03
6.097170282645515346e-03
6.070572978338805575e-03
6.041798303610749522e-03
6.013731444762649911e-03
5.987472646294913180e-03
5.960314475351683773e-03
5.935998702408559757e-03
5.907916015934384056e-03
5.881994305028466659e-03
5.857037337826467155e-03
5.832092593234664175e-03
5.805512918597020150e-03
5.780548017506009599e-03
5.756255974912119835e-03
5.731451230610347045e-03
5.707043967555589653e-03
5.683402703310546679e-03
5.657826182503582907e-03
5.634459798274218077e-03
5.611018733682205870e-03
5.587445004806771212e-03
5.564861538752669153e-03
5.541181133621475921e-03
5.518832401542579126e-03
5.495572390353298947e-03
5.473524879244185716e-03
5.465233734573917215e-03
5.442643954403842028e-03
5.421097704480249031e-03
5.399820608286624683e-03
5.378432166081765359e-03
5.356349767301071471e-03
5.333741630484559876e-03
5.312130143822283920e-03
5.292245580490322586e-03
5.274538150484830816e-03
5.257019862650830905e-03
