5.034059604307538072e-01
6.187265214124718637e-01
7.015401953418481940e-01
7.424805910343099669e-01
7.645504633107939041e-01
7.774605559729526050e-01
7.790383170548458303e-01
7.898822940145253657e-01
7.978337089907334700e-01
8.004132231404956777e-01
8.138429752066114187e-01
8.159090909090906951e-01
8.200413223140494701e-01
8.262396694214874104e-01
8.324380165289254618e-01
8.353305785123965599e-01
8.353305785123965599e-01
8.394628099173552238e-01
8.435950413223139988e-01
8.435950413223139988e-01
8.477272727272726627e-01
8.508264462809916884e-01
8.549586776859503523e-01
8.632231404958676801e-01
8.632231404958676801e-01
8.632231404958676801e-01
8.714876033057850080e-01
8.714876033057850080e-01
8.764462809917353825e-01
8.805785123966940464e-01
8.819559228650136751e-01
8.871212121212119772e-01
8.871212121212119772e-01
8.871212121212119772e-01
8.912534435261707522e-01
8.912534435261707522e-01
8.953856749311294161e-01
8.974517906336086925e-01
8.974517906336086925e-01
8.974517906336086925e-01
8.974517906336086925e-01
8.974517906336086925e-01
8.974517906336086925e-01
8.974517906336086925e-01
8.995179063360880800e-01
8.995179063360880800e-01
9.015840220385673565e-01
9.015840220385673565e-01
9.015840220385673565e-01
9.015840220385673565e-01
9.015840220385673565e-01
9.057162534435260204e-01
9.057162534435260204e-01
9.057162534435260204e-01
9.057162534435260204e-01
9.077823691460054079e-01
9.119146005509640718e-01
9.139807162534434593e-01
9.181129476584021232e-01
9.222451790633607871e-01
9.232782369146004253e-01
9.232782369146004253e-01
9.263774104683194510e-01
9.263774104683194510e-01
9.305096418732781149e-01
9.305096418732781149e-01
9.305096418732781149e-01
9.305096418732781149e-01
9.346418732782367789e-01
9.346418732782367789e-01
9.387741046831954428e-01
9.387741046831954428e-01
9.387741046831954428e-01
9.387741046831954428e-01
9.387741046831954428e-01
9.387741046831954428e-01
9.387741046831954428e-01
9.398071625344351920e-01
9.460055096418731324e-01
9.460055096418731324e-01
9.460055096418731324e-01
9.460055096418731324e-01
9.460055096418731324e-01
9.460055096418731324e-01
9.460055096418731324e-01
9.460055096418731324e-01
9.460055096418731324e-01
9.460055096418731324e-01
9.460055096418731324e-01
9.460055096418731324e-01
9.460055096418731324e-01
9.460055096418731324e-01
9.501377410468319074e-01
9.501377410468319074e-01
9.501377410468319074e-01
9.501377410468319074e-01
9.501377410468319074e-01
9.501377410468319074e-01
9.501377410468319074e-01
9.501377410468319074e-01
9.501377410468319074e-01
9.501377410468319074e-01
9.501377410468319074e-01
9.501377410468319074e-01
9.501377410468319074e-01
9.501377410468319074e-01
9.501377410468319074e-01
9.501377410468319074e-01
9.501377410468319074e-01
9.501377410468319074e-01
9.501377410468319074e-01
9.501377410468319074e-01
9.501377410468319074e-01
9.542699724517905713e-01
9.584022038567492352e-01
9.584022038567492352e-01
9.676997245179062013e-01
9.676997245179062013e-01
9.676997245179062013e-01
9.676997245179062013e-01
9.676997245179062013e-01
9.685261707988980229e-01
9.685261707988980229e-01
9.685261707988980229e-01
9.685261707988980229e-01
9.685261707988980229e-01
9.685261707988980229e-01
9.685261707988980229e-01
9.685261707988980229e-01
9.685261707988980229e-01
9.685261707988980229e-01
9.685261707988980229e-01
9.699035812672176515e-01
9.699035812672176515e-01
9.719696969696969280e-01
9.719696969696969280e-01
9.719696969696969280e-01
9.719696969696969280e-01
9.719696969696969280e-01
9.719696969696969280e-01
9.719696969696969280e-01
9.761019283746557029e-01
9.761019283746557029e-01
9.761019283746557029e-01
9.761019283746557029e-01
9.761019283746557029e-01
9.761019283746557029e-01
9.761019283746557029e-01
9.761019283746557029e-01
9.761019283746557029e-01
9.761019283746557029e-01
9.761019283746557029e-01
9.761019283746557029e-01
9.761019283746557029e-01
9.761019283746557029e-01
9.761019283746557029e-01
9.761019283746557029e-01
9.771349862258953411e-01
9.771349862258953411e-01
9.771349862258953411e-01
9.771349862258953411e-01
9.771349862258953411e-01
9.812672176308540051e-01
9.812672176308540051e-01
9.833333333333333925e-01
9.833333333333333925e-01
9.833333333333333925e-01
9.833333333333333925e-01
9.853994490358126690e-01
9.853994490358126690e-01
9.853994490358126690e-01
9.853994490358126690e-01
9.853994490358126690e-01
9.853994490358126690e-01
9.853994490358126690e-01
9.853994490358126690e-01
9.853994490358126690e-01
9.853994490358126690e-01
9.853994490358126690e-01
9.853994490358126690e-01
9.853994490358126690e-01
9.853994490358126690e-01
9.853994490358126690e-01
9.853994490358126690e-01
9.853994490358126690e-01
9.853994490358126690e-01
9.853994490358126690e-01
9.853994490358126690e-01
9.905647382920110822e-01
9.905647382920110822e-01
9.905647382920110822e-01
9.905647382920110822e-01
9.915977961432507204e-01
9.929752066115703490e-01
9.929752066115703490e-01
9.929752066115703490e-01
9.929752066115703490e-01
9.929752066115703490e-01
9.929752066115703490e-01
9.929752066115703490e-01
9.929752066115703490e-01
9.929752066115703490e-01
9.929752066115703490e-01
9.929752066115703490e-01
9.929752066115703490e-01
9.929752066115703490e-01
9.940082644628099873e-01
9.940082644628099873e-01
9.940082644628099873e-01
9.940082644628099873e-01
9.940082644628099873e-01
9.940082644628099873e-01
9.940082644628099873e-01
9.940082644628099873e-01
9.940082644628099873e-01
9.940082644628099873e-01
9.950413223140496255e-01
9.950413223140496255e-01
9.950413223140496255e-01
9.958677685950413361e-01
9.958677685950413361e-01
9.958677685950413361e-01
9.958677685950413361e-01
9.958677685950413361e-01
9.958677685950413361e-01
9.958677685950413361e-01
9.958677685950413361e-01
9.958677685950413361e-01
9.958677685950413361e-01
9.958677685950413361e-01
9.958677685950413361e-01
9.958677685950413361e-01
9.958677685950413361e-01
9.958677685950413361e-01
9.958677685950413361e-01
9.958677685950413361e-01
9.958677685950413361e-01
9.958677685950413361e-01
9.958677685950413361e-01
9.958677685950413361e-01
9.958677685950413361e-01
9.958677685950413361e-01
9.958677685950413361e-01
9.958677685950413361e-01
9.958677685950413361e-01
1.000000000000000000e+00
1.000000000000000000e+00
1.000000000000000000e+00
1.000000000000000000e+00
1.000000000000000000e+00
1.000000000000000000e+00
1.000000000000000000e+00
1.000000000000000000e+00
1.000000000000000000e+00
1.000000000000000000e+00
1.000000000000000000e+00
